 0.00000000e+00  0.00000000e+00  0.00000000e+00  9.99988945e-01 
 1.00000000e-03  1.00000000e-03  1.00000000e-03  9.99988678e-01 
 2.00000000e-03  2.00000000e-03  2.00000000e-03  9.99988396e-01 
 3.00000000e-03  3.00000000e-03  3.00000000e-03  9.99988110e-01 
 4.00000000e-03  4.00000000e-03  4.00000000e-03  9.99987816e-01 
 5.00000000e-03  5.00000000e-03  5.00000000e-03  9.99987512e-01 
 6.00000000e-03  6.00000000e-03  6.00000000e-03  9.99987201e-01 
 7.00000000e-03  7.00000000e-03  7.00000000e-03  9.99986880e-01 
 8.00000000e-03  8.00000000e-03  8.00000000e-03  9.99986550e-01 
 9.00000000e-03  9.00000000e-03  9.00000000e-03  9.99986210e-01 
 1.00000000e-02  1.00000000e-02  1.00000000e-02  9.99985860e-01 
 1.10000000e-02  1.10000000e-02  1.10000000e-02  9.99985501e-01 
 1.20000000e-02  1.20000000e-02  1.20000000e-02  9.99985131e-01 
 1.30000000e-02  1.30000000e-02  1.30000000e-02  9.99984751e-01 
 1.40000000e-02  1.40000000e-02  1.40000000e-02  9.99984359e-01 
 1.50000000e-02  1.50000000e-02  1.50000000e-02  9.99983956e-01 
 1.60000000e-02  1.60000000e-02  1.60000000e-02  9.99983542e-01 
 1.70000000e-02  1.70000000e-02  1.70000000e-02  9.99983116e-01 
 1.80000000e-02  1.80000000e-02  1.80000000e-02  9.99982678e-01 
 1.90000000e-02  1.90000000e-02  1.90000000e-02  9.99982227e-01 
 2.00000000e-02  2.00000000e-02  2.00000000e-02  9.99981763e-01 
 2.10000000e-02  2.10000000e-02  2.10000000e-02  9.99981286e-01 
 2.20000000e-02  2.20000000e-02  2.20000000e-02  9.99980795e-01 
 2.30000000e-02  2.30000000e-02  2.30000000e-02  9.99980290e-01 
 2.40000000e-02  2.40000000e-02  2.40000000e-02  9.99979771e-01 
 2.50000000e-02  2.50000000e-02  2.50000000e-02  9.99979237e-01 
 2.60000000e-02  2.60000000e-02  2.60000000e-02  9.99978687e-01 
 2.70000000e-02  2.70000000e-02  2.70000000e-02  9.99978123e-01 
 2.80000000e-02  2.80000000e-02  2.80000000e-02  9.99977541e-01 
 2.90000000e-02  2.90000000e-02  2.90000000e-02  9.99976944e-01 
 3.00000000e-02  3.00000000e-02  3.00000000e-02  9.99976329e-01 
 3.10000000e-02  3.10000000e-02  3.10000000e-02  9.99975697e-01 
 3.20000000e-02  3.20000000e-02  3.20000000e-02  9.99975047e-01 
 3.30000000e-02  3.30000000e-02  3.30000000e-02  9.99974378e-01 
 3.40000000e-02  3.40000000e-02  3.40000000e-02  9.99973691e-01 
 3.50000000e-02  3.50000000e-02  3.50000000e-02  9.99972984e-01 
 3.60000000e-02  3.60000000e-02  3.60000000e-02  9.99972257e-01 
 3.70000000e-02  3.70000000e-02  3.70000000e-02  9.99971509e-01 
 3.80000000e-02  3.80000000e-02  3.80000000e-02  9.99970740e-01 
 3.90000000e-02  3.90000000e-02  3.90000000e-02  9.99969949e-01 
 4.00000000e-02  4.00000000e-02  4.00000000e-02  9.99969136e-01 
 4.10000000e-02  4.10000000e-02  4.10000000e-02  9.99968300e-01 
 4.20000000e-02  4.20000000e-02  4.20000000e-02  9.99967440e-01 
 4.30000000e-02  4.30000000e-02  4.30000000e-02  9.99966556e-01 
 4.40000000e-02  4.40000000e-02  4.40000000e-02  9.99965647e-01 
 4.50000000e-02  4.50000000e-02  4.50000000e-02  9.99964713e-01 
 4.60000000e-02  4.60000000e-02  4.60000000e-02  9.99963752e-01 
 4.70000000e-02  4.70000000e-02  4.70000000e-02  9.99962764e-01 
 4.80000000e-02  4.80000000e-02  4.80000000e-02  9.99961748e-01 
 4.90000000e-02  4.90000000e-02  4.90000000e-02  9.99960703e-01 
 5.00000000e-02  5.00000000e-02  5.00000000e-02  9.99959629e-01 
 5.10000000e-02  5.10000000e-02  5.10000000e-02  9.99958525e-01 
 5.20000000e-02  5.20000000e-02  5.20000000e-02  9.99957389e-01 
 5.30000000e-02  5.30000000e-02  5.30000000e-02  9.99956222e-01 
 5.40000000e-02  5.40000000e-02  5.40000000e-02  9.99955022e-01 
 5.50000000e-02  5.50000000e-02  5.50000000e-02  9.99953789e-01 
 5.60000000e-02  5.60000000e-02  5.60000000e-02  9.99952520e-01 
 5.70000000e-02  5.70000000e-02  5.70000000e-02  9.99951217e-01 
 5.80000000e-02  5.80000000e-02  5.80000000e-02  9.99949876e-01 
 5.90000000e-02  5.90000000e-02  5.90000000e-02  9.99948498e-01 
 6.00000000e-02  6.00000000e-02  6.00000000e-02  9.99947082e-01 
 6.10000000e-02  6.10000000e-02  6.10000000e-02  9.99945626e-01 
 6.20000000e-02  6.20000000e-02  6.20000000e-02  9.99944129e-01 
 6.30000000e-02  6.30000000e-02  6.30000000e-02  9.99942590e-01 
 6.40000000e-02  6.40000000e-02  6.40000000e-02  9.99941009e-01 
 6.50000000e-02  6.50000000e-02  6.50000000e-02  9.99939383e-01 
 6.60000000e-02  6.60000000e-02  6.60000000e-02  9.99937712e-01 
 6.70000000e-02  6.70000000e-02  6.70000000e-02  9.99935994e-01 
 6.80000000e-02  6.80000000e-02  6.80000000e-02  9.99934228e-01 
 6.90000000e-02  6.90000000e-02  6.90000000e-02  9.99932414e-01 
 7.00000000e-02  7.00000000e-02  7.00000000e-02  9.99930548e-01 
 7.10000000e-02  7.10000000e-02  7.10000000e-02  9.99928631e-01 
 7.20000000e-02  7.20000000e-02  7.20000000e-02  9.99926661e-01 
 7.30000000e-02  7.30000000e-02  7.30000000e-02  9.99924636e-01 
 7.40000000e-02  7.40000000e-02  7.40000000e-02  9.99922554e-01 
 7.50000000e-02  7.50000000e-02  7.50000000e-02  9.99920415e-01 
 7.60000000e-02  7.60000000e-02  7.60000000e-02  9.99918217e-01 
 7.70000000e-02  7.70000000e-02  7.70000000e-02  9.99915958e-01 
 7.80000000e-02  7.80000000e-02  7.80000000e-02  9.99913636e-01 
 7.90000000e-02  7.90000000e-02  7.90000000e-02  9.99911250e-01 
 8.00000000e-02  8.00000000e-02  8.00000000e-02  9.99908797e-01 
 8.10000000e-02  8.10000000e-02  8.10000000e-02  9.99906278e-01 
 8.20000000e-02  8.20000000e-02  8.20000000e-02  9.99903688e-01 
 8.30000000e-02  8.30000000e-02  8.30000000e-02  9.99901027e-01 
 8.40000000e-02  8.40000000e-02  8.40000000e-02  9.99898293e-01 
 8.50000000e-02  8.50000000e-02  8.50000000e-02  9.99895483e-01 
 8.60000000e-02  8.60000000e-02  8.60000000e-02  9.99892596e-01 
 8.70000000e-02  8.70000000e-02  8.70000000e-02  9.99889630e-01 
 8.80000000e-02  8.80000000e-02  8.80000000e-02  9.99886582e-01 
 8.90000000e-02  8.90000000e-02  8.90000000e-02  9.99883450e-01 
 9.00000000e-02  9.00000000e-02  9.00000000e-02  9.99880232e-01 
 9.10000000e-02  9.10000000e-02  9.10000000e-02  9.99876926e-01 
 9.20000000e-02  9.20000000e-02  9.20000000e-02  9.99873529e-01 
 9.30000000e-02  9.30000000e-02  9.30000000e-02  9.99870040e-01 
 9.40000000e-02  9.40000000e-02  9.40000000e-02  9.99866454e-01 
 9.50000000e-02  9.50000000e-02  9.50000000e-02  9.99862771e-01 
 9.60000000e-02  9.60000000e-02  9.60000000e-02  9.99858986e-01 
 9.70000000e-02  9.70000000e-02  9.70000000e-02  9.99855099e-01 
 9.80000000e-02  9.80000000e-02  9.80000000e-02  9.99851105e-01 
 9.90000000e-02  9.90000000e-02  9.90000000e-02  9.99847002e-01 
 1.00000000e-01  1.00000000e-01  1.00000000e-01  9.99842788e-01 
 1.01000000e-01  1.01000000e-01  1.01000000e-01  9.99838459e-01 
 1.02000000e-01  1.02000000e-01  1.02000000e-01  9.99834011e-01 
 1.03000000e-01  1.03000000e-01  1.03000000e-01  9.99829443e-01 
 1.04000000e-01  1.04000000e-01  1.04000000e-01  9.99824751e-01 
 1.05000000e-01  1.05000000e-01  1.05000000e-01  9.99819932e-01 
 1.06000000e-01  1.06000000e-01  1.06000000e-01  9.99814982e-01 
 1.07000000e-01  1.07000000e-01  1.07000000e-01  9.99809897e-01 
 1.08000000e-01  1.08000000e-01  1.08000000e-01  9.99804675e-01 
 1.09000000e-01  1.09000000e-01  1.09000000e-01  9.99799312e-01 
 1.10000000e-01  1.10000000e-01  1.10000000e-01  9.99793803e-01 
 1.11000000e-01  1.11000000e-01  1.11000000e-01  9.99788146e-01 
 1.12000000e-01  1.12000000e-01  1.12000000e-01  9.99782337e-01 
 1.13000000e-01  1.13000000e-01  1.13000000e-01  9.99776370e-01 
 1.14000000e-01  1.14000000e-01  1.14000000e-01  9.99770243e-01 
 1.15000000e-01  1.15000000e-01  1.15000000e-01  9.99763951e-01 
 1.16000000e-01  1.16000000e-01  1.16000000e-01  9.99757490e-01 
 1.17000000e-01  1.17000000e-01  1.17000000e-01  9.99750855e-01 
 1.18000000e-01  1.18000000e-01  1.18000000e-01  9.99744042e-01 
 1.19000000e-01  1.19000000e-01  1.19000000e-01  9.99737047e-01 
 1.20000000e-01  1.20000000e-01  1.20000000e-01  9.99729864e-01 
 1.21000000e-01  1.21000000e-01  1.21000000e-01  9.99722488e-01 
 1.22000000e-01  1.22000000e-01  1.22000000e-01  9.99714916e-01 
 1.23000000e-01  1.23000000e-01  1.23000000e-01  9.99707141e-01 
 1.24000000e-01  1.24000000e-01  1.24000000e-01  9.99699159e-01 
 1.25000000e-01  1.25000000e-01  1.25000000e-01  9.99690964e-01 
 1.26000000e-01  1.26000000e-01  1.26000000e-01  9.99682551e-01 
 1.27000000e-01  1.27000000e-01  1.27000000e-01  9.99673913e-01 
 1.28000000e-01  1.28000000e-01  1.28000000e-01  9.99665047e-01 
 1.29000000e-01  1.29000000e-01  1.29000000e-01  9.99655945e-01 
 1.30000000e-01  1.30000000e-01  1.30000000e-01  9.99646601e-01 
 1.31000000e-01  1.31000000e-01  1.31000000e-01  9.99637010e-01 
 1.32000000e-01  1.32000000e-01  1.32000000e-01  9.99627164e-01 
 1.33000000e-01  1.33000000e-01  1.33000000e-01  9.99617059e-01 
 1.34000000e-01  1.34000000e-01  1.34000000e-01  9.99606686e-01 
 1.35000000e-01  1.35000000e-01  1.35000000e-01  9.99596040e-01 
 1.36000000e-01  1.36000000e-01  1.36000000e-01  9.99585113e-01 
 1.37000000e-01  1.37000000e-01  1.37000000e-01  9.99573898e-01 
 1.38000000e-01  1.38000000e-01  1.38000000e-01  9.99562388e-01 
 1.39000000e-01  1.39000000e-01  1.39000000e-01  9.99550576e-01 
 1.40000000e-01  1.40000000e-01  1.40000000e-01  9.99538454e-01 
 1.41000000e-01  1.41000000e-01  1.41000000e-01  9.99526014e-01 
 1.42000000e-01  1.42000000e-01  1.42000000e-01  9.99513248e-01 
 1.43000000e-01  1.43000000e-01  1.43000000e-01  9.99500149e-01 
 1.44000000e-01  1.44000000e-01  1.44000000e-01  9.99486706e-01 
 1.45000000e-01  1.45000000e-01  1.45000000e-01  9.99472914e-01 
 1.46000000e-01  1.46000000e-01  1.46000000e-01  9.99458761e-01 
 1.47000000e-01  1.47000000e-01  1.47000000e-01  9.99444240e-01 
 1.48000000e-01  1.48000000e-01  1.48000000e-01  9.99429341e-01 
 1.49000000e-01  1.49000000e-01  1.49000000e-01  9.99414055e-01 
 1.50000000e-01  1.50000000e-01  1.50000000e-01  9.99398373e-01 
 1.51000000e-01  1.51000000e-01  1.51000000e-01  9.99382284e-01 
 1.52000000e-01  1.52000000e-01  1.52000000e-01  9.99365779e-01 
 1.53000000e-01  1.53000000e-01  1.53000000e-01  9.99348846e-01 
 1.54000000e-01  1.54000000e-01  1.54000000e-01  9.99331477e-01 
 1.55000000e-01  1.55000000e-01  1.55000000e-01  9.99313659e-01 
 1.56000000e-01  1.56000000e-01  1.56000000e-01  9.99295383e-01 
 1.57000000e-01  1.57000000e-01  1.57000000e-01  9.99276636e-01 
 1.58000000e-01  1.58000000e-01  1.58000000e-01  9.99257407e-01 
 1.59000000e-01  1.59000000e-01  1.59000000e-01  9.99237685e-01 
 1.60000000e-01  1.60000000e-01  1.60000000e-01  9.99217458e-01 
 1.61000000e-01  1.61000000e-01  1.61000000e-01  9.99196712e-01 
 1.62000000e-01  1.62000000e-01  1.62000000e-01  9.99175436e-01 
 1.63000000e-01  1.63000000e-01  1.63000000e-01  9.99153617e-01 
 1.64000000e-01  1.64000000e-01  1.64000000e-01  9.99131241e-01 
 1.65000000e-01  1.65000000e-01  1.65000000e-01  9.99108295e-01 
 1.66000000e-01  1.66000000e-01  1.66000000e-01  9.99084765e-01 
 1.67000000e-01  1.67000000e-01  1.67000000e-01  9.99060638e-01 
 1.68000000e-01  1.68000000e-01  1.68000000e-01  9.99035898e-01 
 1.69000000e-01  1.69000000e-01  1.69000000e-01  9.99010532e-01 
 1.70000000e-01  1.70000000e-01  1.70000000e-01  9.98984524e-01 
 1.71000000e-01  1.71000000e-01  1.71000000e-01  9.98957858e-01 
 1.72000000e-01  1.72000000e-01  1.72000000e-01  9.98930519e-01 
 1.73000000e-01  1.73000000e-01  1.73000000e-01  9.98902492e-01 
 1.74000000e-01  1.74000000e-01  1.74000000e-01  9.98873758e-01 
 1.75000000e-01  1.75000000e-01  1.75000000e-01  9.98844303e-01 
 1.76000000e-01  1.76000000e-01  1.76000000e-01  9.98814108e-01 
 1.77000000e-01  1.77000000e-01  1.77000000e-01  9.98783156e-01 
 1.78000000e-01  1.78000000e-01  1.78000000e-01  9.98751429e-01 
 1.79000000e-01  1.79000000e-01  1.79000000e-01  9.98718909e-01 
 1.80000000e-01  1.80000000e-01  1.80000000e-01  9.98685577e-01 
 1.81000000e-01  1.81000000e-01  1.81000000e-01  9.98651414e-01 
 1.82000000e-01  1.82000000e-01  1.82000000e-01  9.98616401e-01 
 1.83000000e-01  1.83000000e-01  1.83000000e-01  9.98580517e-01 
 1.84000000e-01  1.84000000e-01  1.84000000e-01  9.98543742e-01 
 1.85000000e-01  1.85000000e-01  1.85000000e-01  9.98506055e-01 
 1.86000000e-01  1.86000000e-01  1.86000000e-01  9.98467435e-01 
 1.87000000e-01  1.87000000e-01  1.87000000e-01  9.98427860e-01 
 1.88000000e-01  1.88000000e-01  1.88000000e-01  9.98387309e-01 
 1.89000000e-01  1.89000000e-01  1.89000000e-01  9.98345757e-01 
 1.90000000e-01  1.90000000e-01  1.90000000e-01  9.98303183e-01 
 1.91000000e-01  1.91000000e-01  1.91000000e-01  9.98259561e-01 
 1.92000000e-01  1.92000000e-01  1.92000000e-01  9.98214870e-01 
 1.93000000e-01  1.93000000e-01  1.93000000e-01  9.98169082e-01 
 1.94000000e-01  1.94000000e-01  1.94000000e-01  9.98122174e-01 
 1.95000000e-01  1.95000000e-01  1.95000000e-01  9.98074119e-01 
 1.96000000e-01  1.96000000e-01  1.96000000e-01  9.98024891e-01 
 1.97000000e-01  1.97000000e-01  1.97000000e-01  9.97974463e-01 
 1.98000000e-01  1.98000000e-01  1.98000000e-01  9.97922808e-01 
 1.99000000e-01  1.99000000e-01  1.99000000e-01  9.97869898e-01 
 2.00000000e-01  2.00000000e-01  2.00000000e-01  9.97815704e-01 
 2.01000000e-01  2.01000000e-01  2.01000000e-01  9.97760196e-01 
 2.02000000e-01  2.02000000e-01  2.02000000e-01  9.97703346e-01 
 2.03000000e-01  2.03000000e-01  2.03000000e-01  9.97645122e-01 
 2.04000000e-01  2.04000000e-01  2.04000000e-01  9.97585493e-01 
 2.05000000e-01  2.05000000e-01  2.05000000e-01  9.97524428e-01 
 2.06000000e-01  2.06000000e-01  2.06000000e-01  9.97461895e-01 
 2.07000000e-01  2.07000000e-01  2.07000000e-01  9.97397859e-01 
 2.08000000e-01  2.08000000e-01  2.08000000e-01  9.97332287e-01 
 2.09000000e-01  2.09000000e-01  2.09000000e-01  9.97265145e-01 
 2.10000000e-01  2.10000000e-01  2.10000000e-01  9.97196397e-01 
 2.11000000e-01  2.11000000e-01  2.11000000e-01  9.97126008e-01 
 2.12000000e-01  2.12000000e-01  2.12000000e-01  9.97053941e-01 
 2.13000000e-01  2.13000000e-01  2.13000000e-01  9.96980158e-01 
 2.14000000e-01  2.14000000e-01  2.14000000e-01  9.96904622e-01 
 2.15000000e-01  2.15000000e-01  2.15000000e-01  9.96827292e-01 
 2.16000000e-01  2.16000000e-01  2.16000000e-01  9.96748130e-01 
 2.17000000e-01  2.17000000e-01  2.17000000e-01  9.96667094e-01 
 2.18000000e-01  2.18000000e-01  2.18000000e-01  9.96584144e-01 
 2.19000000e-01  2.19000000e-01  2.19000000e-01  9.96499236e-01 
 2.20000000e-01  2.20000000e-01  2.20000000e-01  9.96412328e-01 
 2.21000000e-01  2.21000000e-01  2.21000000e-01  9.96323376e-01 
 2.22000000e-01  2.22000000e-01  2.22000000e-01  9.96232334e-01 
 2.23000000e-01  2.23000000e-01  2.23000000e-01  9.96139157e-01 
 2.24000000e-01  2.24000000e-01  2.24000000e-01  9.96043798e-01 
 2.25000000e-01  2.25000000e-01  2.25000000e-01  9.95946210e-01 
 2.26000000e-01  2.26000000e-01  2.26000000e-01  9.95846343e-01 
 2.27000000e-01  2.27000000e-01  2.27000000e-01  9.95744147e-01 
 2.28000000e-01  2.28000000e-01  2.28000000e-01  9.95639573e-01 
 2.29000000e-01  2.29000000e-01  2.29000000e-01  9.95532569e-01 
 2.30000000e-01  2.30000000e-01  2.30000000e-01  9.95423080e-01 
 2.31000000e-01  2.31000000e-01  2.31000000e-01  9.95311055e-01 
 2.32000000e-01  2.32000000e-01  2.32000000e-01  9.95196438e-01 
 2.33000000e-01  2.33000000e-01  2.33000000e-01  9.95079173e-01 
 2.34000000e-01  2.34000000e-01  2.34000000e-01  9.94959203e-01 
 2.35000000e-01  2.35000000e-01  2.35000000e-01  9.94836469e-01 
 2.36000000e-01  2.36000000e-01  2.36000000e-01  9.94710913e-01 
 2.37000000e-01  2.37000000e-01  2.37000000e-01  9.94582473e-01 
 2.38000000e-01  2.38000000e-01  2.38000000e-01  9.94451088e-01 
 2.39000000e-01  2.39000000e-01  2.39000000e-01  9.94316696e-01 
 2.40000000e-01  2.40000000e-01  2.40000000e-01  9.94179231e-01 
 2.41000000e-01  2.41000000e-01  2.41000000e-01  9.94038628e-01 
 2.42000000e-01  2.42000000e-01  2.42000000e-01  9.93894821e-01 
 2.43000000e-01  2.43000000e-01  2.43000000e-01  9.93747741e-01 
 2.44000000e-01  2.44000000e-01  2.44000000e-01  9.93597319e-01 
 2.45000000e-01  2.45000000e-01  2.45000000e-01  9.93443485e-01 
 2.46000000e-01  2.46000000e-01  2.46000000e-01  9.93286165e-01 
 2.47000000e-01  2.47000000e-01  2.47000000e-01  9.93125286e-01 
 2.48000000e-01  2.48000000e-01  2.48000000e-01  9.92960774e-01 
 2.49000000e-01  2.49000000e-01  2.49000000e-01  9.92792552e-01 
 2.50000000e-01  2.50000000e-01  2.50000000e-01  9.92620542e-01 
 2.51000000e-01  2.51000000e-01  2.51000000e-01  9.92444664e-01 
 2.52000000e-01  2.52000000e-01  2.52000000e-01  9.92264838e-01 
 2.53000000e-01  2.53000000e-01  2.53000000e-01  9.92080980e-01 
 2.54000000e-01  2.54000000e-01  2.54000000e-01  9.91893007e-01 
 2.55000000e-01  2.55000000e-01  2.55000000e-01  9.91700833e-01 
 2.56000000e-01  2.56000000e-01  2.56000000e-01  9.91504370e-01 
 2.57000000e-01  2.57000000e-01  2.57000000e-01  9.91303529e-01 
 2.58000000e-01  2.58000000e-01  2.58000000e-01  9.91098220e-01 
 2.59000000e-01  2.59000000e-01  2.59000000e-01  9.90888348e-01 
 2.60000000e-01  2.60000000e-01  2.60000000e-01  9.90673821e-01 
 2.61000000e-01  2.61000000e-01  2.61000000e-01  9.90454542e-01 
 2.62000000e-01  2.62000000e-01  2.62000000e-01  9.90230413e-01 
 2.63000000e-01  2.63000000e-01  2.63000000e-01  9.90001333e-01 
 2.64000000e-01  2.64000000e-01  2.64000000e-01  9.89767201e-01 
 2.65000000e-01  2.65000000e-01  2.65000000e-01  9.89527912e-01 
 2.66000000e-01  2.66000000e-01  2.66000000e-01  9.89283362e-01 
 2.67000000e-01  2.67000000e-01  2.67000000e-01  9.89033442e-01 
 2.68000000e-01  2.68000000e-01  2.68000000e-01  9.88778041e-01 
 2.69000000e-01  2.69000000e-01  2.69000000e-01  9.88517049e-01 
 2.70000000e-01  2.70000000e-01  2.70000000e-01  9.88250350e-01 
 2.71000000e-01  2.71000000e-01  2.71000000e-01  9.87977828e-01 
 2.72000000e-01  2.72000000e-01  2.72000000e-01  9.87699363e-01 
 2.73000000e-01  2.73000000e-01  2.73000000e-01  9.87414837e-01 
 2.74000000e-01  2.74000000e-01  2.74000000e-01  9.87124123e-01 
 2.75000000e-01  2.75000000e-01  2.75000000e-01  9.86827098e-01 
 2.76000000e-01  2.76000000e-01  2.76000000e-01  9.86523631e-01 
 2.77000000e-01  2.77000000e-01  2.77000000e-01  9.86213594e-01 
 2.78000000e-01  2.78000000e-01  2.78000000e-01  9.85896852e-01 
 2.79000000e-01  2.79000000e-01  2.79000000e-01  9.85573269e-01 
 2.80000000e-01  2.80000000e-01  2.80000000e-01  9.85242707e-01 
 2.81000000e-01  2.81000000e-01  2.81000000e-01  9.84905024e-01 
 2.82000000e-01  2.82000000e-01  2.82000000e-01  9.84560076e-01 
 2.83000000e-01  2.83000000e-01  2.83000000e-01  9.84207716e-01 
 2.84000000e-01  2.84000000e-01  2.84000000e-01  9.83847794e-01 
 2.85000000e-01  2.85000000e-01  2.85000000e-01  9.83480158e-01 
 2.86000000e-01  2.86000000e-01  2.86000000e-01  9.83104650e-01 
 2.87000000e-01  2.87000000e-01  2.87000000e-01  9.82721111e-01 
 2.88000000e-01  2.88000000e-01  2.88000000e-01  9.82329380e-01 
 2.89000000e-01  2.89000000e-01  2.89000000e-01  9.81929290e-01 
 2.90000000e-01  2.90000000e-01  2.90000000e-01  9.81520672e-01 
 2.91000000e-01  2.91000000e-01  2.91000000e-01  9.81103354e-01 
 2.92000000e-01  2.92000000e-01  2.92000000e-01  9.80677159e-01 
 2.93000000e-01  2.93000000e-01  2.93000000e-01  9.80241906e-01 
 2.94000000e-01  2.94000000e-01  2.94000000e-01  9.79797413e-01 
 2.95000000e-01  2.95000000e-01  2.95000000e-01  9.79343492e-01 
 2.96000000e-01  2.96000000e-01  2.96000000e-01  9.78879950e-01 
 2.97000000e-01  2.97000000e-01  2.97000000e-01  9.78406593e-01 
 2.98000000e-01  2.98000000e-01  2.98000000e-01  9.77923219e-01 
 2.99000000e-01  2.99000000e-01  2.99000000e-01  9.77429624e-01 
 3.00000000e-01  3.00000000e-01  3.00000000e-01  9.76925600e-01 
 3.01000000e-01  3.01000000e-01  3.01000000e-01  9.76410932e-01 
 3.02000000e-01  3.02000000e-01  3.02000000e-01  9.75885402e-01 
 3.03000000e-01  3.03000000e-01  3.03000000e-01  9.75348787e-01 
 3.04000000e-01  3.04000000e-01  3.04000000e-01  9.74800858e-01 
 3.05000000e-01  3.05000000e-01  3.05000000e-01  9.74241380e-01 
 3.06000000e-01  3.06000000e-01  3.06000000e-01  9.73670115e-01 
 3.07000000e-01  3.07000000e-01  3.07000000e-01  9.73086817e-01 
 3.08000000e-01  3.08000000e-01  3.08000000e-01  9.72491235e-01 
 3.09000000e-01  3.09000000e-01  3.09000000e-01  9.71883112e-01 
 3.10000000e-01  3.10000000e-01  3.10000000e-01  9.71262184e-01 
 3.11000000e-01  3.11000000e-01  3.11000000e-01  9.70628182e-01 
 3.12000000e-01  3.12000000e-01  3.12000000e-01  9.69980828e-01 
 3.13000000e-01  3.13000000e-01  3.13000000e-01  9.69319839e-01 
 3.14000000e-01  3.14000000e-01  3.14000000e-01  9.68644923e-01 
 3.15000000e-01  3.15000000e-01  3.15000000e-01  9.67955781e-01 
 3.16000000e-01  3.16000000e-01  3.16000000e-01  9.67252106e-01 
 3.17000000e-01  3.17000000e-01  3.17000000e-01  9.66533583e-01 
 3.18000000e-01  3.18000000e-01  3.18000000e-01  9.65799888e-01 
 3.19000000e-01  3.19000000e-01  3.19000000e-01  9.65050688e-01 
 3.20000000e-01  3.20000000e-01  3.20000000e-01  9.64285640e-01 
 3.21000000e-01  3.21000000e-01  3.21000000e-01  9.63504393e-01 
 3.22000000e-01  3.22000000e-01  3.22000000e-01  9.62706584e-01 
 3.23000000e-01  3.23000000e-01  3.23000000e-01  9.61891840e-01 
 3.24000000e-01  3.24000000e-01  3.24000000e-01  9.61059777e-01 
 3.25000000e-01  3.25000000e-01  3.25000000e-01  9.60209998e-01 
 3.26000000e-01  3.26000000e-01  3.26000000e-01  9.59342094e-01 
 3.27000000e-01  3.27000000e-01  3.27000000e-01  9.58455646e-01 
 3.28000000e-01  3.28000000e-01  3.28000000e-01  9.57550217e-01 
 3.29000000e-01  3.29000000e-01  3.29000000e-01  9.56625359e-01 
 3.30000000e-01  3.30000000e-01  3.30000000e-01  9.55680608e-01 
 3.31000000e-01  3.31000000e-01  3.31000000e-01  9.54715484e-01 
 3.32000000e-01  3.32000000e-01  3.32000000e-01  9.53729490e-01 
 3.33000000e-01  3.33000000e-01  3.33000000e-01  9.52722114e-01 
 3.34000000e-01  3.34000000e-01  3.34000000e-01  9.51692823e-01 
 3.35000000e-01  3.35000000e-01  3.35000000e-01  9.50641065e-01 
 3.36000000e-01  3.36000000e-01  3.36000000e-01  9.49566270e-01 
 3.37000000e-01  3.37000000e-01  3.37000000e-01  9.48467844e-01 
 3.38000000e-01  3.38000000e-01  3.38000000e-01  9.47345170e-01 
 3.39000000e-01  3.39000000e-01  3.39000000e-01  9.46197608e-01 
 3.40000000e-01  3.40000000e-01  3.40000000e-01  9.45024493e-01 
 3.41000000e-01  3.41000000e-01  3.41000000e-01  9.43825130e-01 
 3.42000000e-01  3.42000000e-01  3.42000000e-01  9.42598798e-01 
 3.43000000e-01  3.43000000e-01  3.43000000e-01  9.41344745e-01 
 3.44000000e-01  3.44000000e-01  3.44000000e-01  9.40062185e-01 
 3.45000000e-01  3.45000000e-01  3.45000000e-01  9.38750297e-01 
 3.46000000e-01  3.46000000e-01  3.46000000e-01  9.37408225e-01 
 3.47000000e-01  3.47000000e-01  3.47000000e-01  9.36035072e-01 
 3.48000000e-01  3.48000000e-01  3.48000000e-01  9.34629899e-01 
 3.49000000e-01  3.49000000e-01  3.49000000e-01  9.33191750e-01 
 3.50000000e-01  3.50000000e-01  3.50000000e-01  9.31719760e-01 
 3.51000000e-01  3.51000000e-01  3.51000000e-01  9.30212882e-01 
 3.52000000e-01  3.52000000e-01  3.52000000e-01  9.28669989e-01 
 3.53000000e-01  3.53000000e-01  3.53000000e-01  9.27089898e-01 
 3.54000000e-01  3.54000000e-01  3.54000000e-01  9.25471359e-01 
 3.55000000e-01  3.55000000e-01  3.55000000e-01  9.23813053e-01 
 3.56000000e-01  3.56000000e-01  3.56000000e-01  9.22113589e-01 
 3.57000000e-01  3.57000000e-01  3.57000000e-01  9.20371493e-01 
 3.58000000e-01  3.58000000e-01  3.58000000e-01  9.18585204e-01 
 3.59000000e-01  3.59000000e-01  3.59000000e-01  9.16753066e-01 
 3.60000000e-01  3.60000000e-01  3.60000000e-01  9.14873319e-01 
 3.61000000e-01  3.61000000e-01  3.61000000e-01  9.12944092e-01 
 3.62000000e-01  3.62000000e-01  3.62000000e-01  9.10963389e-01 
 3.63000000e-01  3.63000000e-01  3.63000000e-01  9.08929078e-01 
 3.64000000e-01  3.64000000e-01  3.64000000e-01  9.06838882e-01 
 3.65000000e-01  3.65000000e-01  3.65000000e-01  9.04690358e-01 
 3.66000000e-01  3.66000000e-01  3.66000000e-01  9.02480886e-01 
 3.67000000e-01  3.67000000e-01  3.67000000e-01  9.00207648e-01 
 3.68000000e-01  3.68000000e-01  3.68000000e-01  8.97867608e-01 
 3.69000000e-01  3.69000000e-01  3.69000000e-01  8.95457485e-01 
 3.70000000e-01  3.70000000e-01  3.70000000e-01  8.92973733e-01 
 3.71000000e-01  3.71000000e-01  3.71000000e-01  8.90412506e-01 
 3.72000000e-01  3.72000000e-01  3.72000000e-01  8.87769626e-01 
 3.73000000e-01  3.73000000e-01  3.73000000e-01  8.85040543e-01 
 3.74000000e-01  3.74000000e-01  3.74000000e-01  8.82220297e-01 
 3.75000000e-01  3.75000000e-01  3.75000000e-01  8.79303465e-01 
 3.76000000e-01  3.76000000e-01  3.76000000e-01  8.76284114e-01 
 3.77000000e-01  3.77000000e-01  3.77000000e-01  8.73155738e-01 
 3.78000000e-01  3.78000000e-01  3.78000000e-01  8.69911200e-01 
 3.79000000e-01  3.79000000e-01  3.79000000e-01  8.66542667e-01 
 3.80000000e-01  3.80000000e-01  3.80000000e-01  8.63041543e-01 
 3.81000000e-01  3.81000000e-01  3.81000000e-01  8.59398411e-01 
 3.82000000e-01  3.82000000e-01  3.82000000e-01  8.55602977e-01 
 3.83000000e-01  3.83000000e-01  3.83000000e-01  8.51644044e-01 
 3.84000000e-01  3.84000000e-01  3.84000000e-01  8.47509513e-01 
 3.85000000e-01  3.85000000e-01  3.85000000e-01  8.43186438e-01 
 3.86000000e-01  3.86000000e-01  3.86000000e-01  8.38661153e-01 
 3.87000000e-01  3.87000000e-01  3.87000000e-01  8.33919509e-01 
 3.88000000e-01  3.88000000e-01  3.88000000e-01  8.28947223e-01 
 3.89000000e-01  3.89000000e-01  3.89000000e-01  8.23730382e-01 
 3.90000000e-01  3.90000000e-01  3.90000000e-01  8.18256081e-01 
 3.91000000e-01  3.91000000e-01  3.91000000e-01  8.12513181e-01 
 3.92000000e-01  3.92000000e-01  3.92000000e-01  8.06493107e-01 
 3.93000000e-01  3.93000000e-01  3.93000000e-01  8.00190598e-01 
 3.94000000e-01  3.94000000e-01  3.94000000e-01  7.93604283e-01 
 3.95000000e-01  3.95000000e-01  3.95000000e-01  7.86736968e-01 
 3.96000000e-01  3.96000000e-01  3.96000000e-01  7.79595583e-01 
 3.97000000e-01  3.97000000e-01  3.97000000e-01  7.72190778e-01 
 3.98000000e-01  3.98000000e-01  3.98000000e-01  7.64536245e-01 
 3.99000000e-01  3.99000000e-01  3.99000000e-01  7.56647881e-01 
 4.00000000e-01  4.00000000e-01  4.00000000e-01  7.48542910e-01 
 4.01000000e-01  4.01000000e-01  4.01000000e-01  7.40239083e-01 
 4.02000000e-01  4.02000000e-01  4.02000000e-01  7.31754008e-01 
 4.03000000e-01  4.03000000e-01  4.03000000e-01  7.23104653e-01 
 4.04000000e-01  4.04000000e-01  4.04000000e-01  7.14307003e-01 
 4.05000000e-01  4.05000000e-01  4.05000000e-01  7.05375865e-01 
 4.06000000e-01  4.06000000e-01  4.06000000e-01  6.96324780e-01 
 4.07000000e-01  4.07000000e-01  4.07000000e-01  6.87166012e-01 
 4.08000000e-01  4.08000000e-01  4.08000000e-01  6.77910596e-01 
 4.09000000e-01  4.09000000e-01  4.09000000e-01  6.68568417e-01 
 4.10000000e-01  4.10000000e-01  4.10000000e-01  6.59148303e-01 
 4.11000000e-01  4.11000000e-01  4.11000000e-01  6.49658125e-01 
 4.12000000e-01  4.12000000e-01  4.12000000e-01  6.40104902e-01 
 4.13000000e-01  4.13000000e-01  4.13000000e-01  6.30494893e-01 
 4.14000000e-01  4.14000000e-01  4.14000000e-01  6.20833687e-01 
 4.15000000e-01  4.15000000e-01  4.15000000e-01  6.11126283e-01 
 4.16000000e-01  4.16000000e-01  4.16000000e-01  6.01377165e-01 
 4.17000000e-01  4.17000000e-01  4.17000000e-01  5.91590363e-01 
 4.18000000e-01  4.18000000e-01  4.18000000e-01  5.81769511e-01 
 4.19000000e-01  4.19000000e-01  4.19000000e-01  5.71917898e-01 
 4.20000000e-01  4.20000000e-01  4.20000000e-01  5.62038509e-01 
 4.21000000e-01  4.21000000e-01  4.21000000e-01  5.52134070e-01 
 4.22000000e-01  4.22000000e-01  4.22000000e-01  5.42207075e-01 
 4.23000000e-01  4.23000000e-01  4.23000000e-01  5.32259824e-01 
 4.24000000e-01  4.24000000e-01  4.24000000e-01  5.22294442e-01 
 4.25000000e-01  4.25000000e-01  4.25000000e-01  5.12312910e-01 
 4.26000000e-01  4.26000000e-01  4.26000000e-01  5.02317084e-01 
 4.27000000e-01  4.27000000e-01  4.27000000e-01  4.92308713e-01 
 4.28000000e-01  4.28000000e-01  4.28000000e-01  4.82289463e-01 
 4.29000000e-01  4.29000000e-01  4.29000000e-01  4.72260927e-01 
 4.30000000e-01  4.30000000e-01  4.30000000e-01  4.62224648e-01 
 4.31000000e-01  4.31000000e-01  4.31000000e-01  4.52182130e-01 
 4.32000000e-01  4.32000000e-01  4.32000000e-01  4.42134856e-01 
 4.33000000e-01  4.33000000e-01  4.33000000e-01  4.32084304e-01 
 4.34000000e-01  4.34000000e-01  4.34000000e-01  4.22031963e-01 
 4.35000000e-01  4.35000000e-01  4.35000000e-01  4.11979347e-01 
 4.36000000e-01  4.36000000e-01  4.36000000e-01  4.01928019e-01 
 4.37000000e-01  4.37000000e-01  4.37000000e-01  3.91879607e-01 
 4.38000000e-01  4.38000000e-01  4.38000000e-01  3.81835825e-01 
 4.39000000e-01  4.39000000e-01  4.39000000e-01  3.71798503e-01 
 4.40000000e-01  4.40000000e-01  4.40000000e-01  3.61769608e-01 
 4.41000000e-01  4.41000000e-01  4.41000000e-01  3.51751282e-01 
 4.42000000e-01  4.42000000e-01  4.42000000e-01  3.41745877e-01 
 4.43000000e-01  4.43000000e-01  4.43000000e-01  3.31755997e-01 
 4.44000000e-01  4.44000000e-01  4.44000000e-01  3.21784552e-01 
 4.45000000e-01  4.45000000e-01  4.45000000e-01  3.11834817e-01 
 4.46000000e-01  4.46000000e-01  4.46000000e-01  3.01910501e-01 
 4.47000000e-01  4.47000000e-01  4.47000000e-01  2.92015840e-01 
 4.48000000e-01  4.48000000e-01  4.48000000e-01  2.82155694e-01 
 4.49000000e-01  4.49000000e-01  4.49000000e-01  2.72335674e-01 
 4.50000000e-01  4.50000000e-01  4.50000000e-01  2.62562293e-01 
 4.51000000e-01  4.51000000e-01  4.51000000e-01  2.52843152e-01 
 4.52000000e-01  4.52000000e-01  4.52000000e-01  2.43187154e-01 
 4.53000000e-01  4.53000000e-01  4.53000000e-01  2.33604774e-01 
 4.54000000e-01  4.54000000e-01  4.54000000e-01  2.24108368e-01 
 4.55000000e-01  4.55000000e-01  4.55000000e-01  2.14712546e-01 
 4.56000000e-01  4.56000000e-01  4.56000000e-01  2.05434576e-01 
 4.57000000e-01  4.57000000e-01  4.57000000e-01  1.96294838e-01 
 4.58000000e-01  4.58000000e-01  4.58000000e-01  1.87317253e-01 
 4.59000000e-01  4.59000000e-01  4.59000000e-01  1.78529646e-01 
 4.60000000e-01  4.60000000e-01  4.60000000e-01  1.69963896e-01 
 4.61000000e-01  4.61000000e-01  4.61000000e-01  1.61655718e-01 
 4.62000000e-01  4.62000000e-01  4.62000000e-01  1.53643828e-01 
 4.63000000e-01  4.63000000e-01  4.63000000e-01  1.45968301e-01 
 4.64000000e-01  4.64000000e-01  4.64000000e-01  1.38668000e-01 
 4.65000000e-01  4.65000000e-01  4.65000000e-01  1.31777229e-01 
 4.66000000e-01  4.66000000e-01  4.66000000e-01  1.25322136e-01 
 4.67000000e-01  4.67000000e-01  4.67000000e-01  1.19317673e-01 
 4.68000000e-01  4.68000000e-01  4.68000000e-01  1.13765951e-01 
 4.69000000e-01  4.69000000e-01  4.69000000e-01  1.08656465e-01 
 4.70000000e-01  4.70000000e-01  4.70000000e-01  1.03968046e-01 
 4.71000000e-01  4.71000000e-01  4.71000000e-01  9.96718880e-02 
 4.72000000e-01  4.72000000e-01  4.72000000e-01  9.57348413e-02 
 4.73000000e-01  4.73000000e-01  4.73000000e-01  9.21223086e-02 
 4.74000000e-01  4.74000000e-01  4.74000000e-01  8.88004076e-02 
 4.75000000e-01  4.75000000e-01  4.75000000e-01  8.57373585e-02 
 4.76000000e-01  4.76000000e-01  4.76000000e-01  8.29042197e-02 
 4.77000000e-01  4.77000000e-01  4.77000000e-01  8.02751535e-02 
 4.78000000e-01  4.78000000e-01  4.78000000e-01  7.78273914e-02 
 4.79000000e-01  4.79000000e-01  4.79000000e-01  7.55410305e-02 
 4.80000000e-01  4.80000000e-01  4.80000000e-01  7.33987503e-02 
 4.81000000e-01  4.81000000e-01  4.81000000e-01  7.13855064e-02 
 4.82000000e-01  4.82000000e-01  4.82000000e-01  6.94882318e-02 
 4.83000000e-01  4.83000000e-01  4.83000000e-01  6.76955634e-02 
 4.84000000e-01  4.84000000e-01  4.84000000e-01  6.59975981e-02 
 4.85000000e-01  4.85000000e-01  4.85000000e-01  6.43856817e-02 
 4.86000000e-01  4.86000000e-01  4.86000000e-01  6.28522274e-02 
 4.87000000e-01  4.87000000e-01  4.87000000e-01  6.13905616e-02 
 4.88000000e-01  4.88000000e-01  4.88000000e-01  5.99947929e-02 
 4.89000000e-01  4.89000000e-01  4.89000000e-01  5.86597025e-02 
 4.90000000e-01  4.90000000e-01  4.90000000e-01  5.73806499e-02 
 4.91000000e-01  4.91000000e-01  4.91000000e-01  5.61534952e-02 
 4.92000000e-01  4.92000000e-01  4.92000000e-01  5.49745320e-02 
 4.93000000e-01  4.93000000e-01  4.93000000e-01  5.38404306e-02 
 4.94000000e-01  4.94000000e-01  4.94000000e-01  5.27481908e-02 
 4.95000000e-01  4.95000000e-01  4.95000000e-01  5.16951001e-02 
 4.96000000e-01  4.96000000e-01  4.96000000e-01  5.06786995e-02 
 4.97000000e-01  4.97000000e-01  4.97000000e-01  4.96967526e-02 
 4.98000000e-01  4.98000000e-01  4.98000000e-01  4.87472208e-02 
 4.99000000e-01  4.99000000e-01  4.99000000e-01  4.78282401e-02 
 5.00000000e-01  5.00000000e-01  5.00000000e-01  4.69381025e-02 
 5.01000000e-01  5.01000000e-01  5.01000000e-01  4.60752386e-02 
 5.02000000e-01  5.02000000e-01  5.02000000e-01  4.52382036e-02 
 5.03000000e-01  5.03000000e-01  5.03000000e-01  4.44256643e-02 
 5.04000000e-01  5.04000000e-01  5.04000000e-01  4.36363878e-02 
 5.05000000e-01  5.05000000e-01  5.05000000e-01  4.28692316e-02 
 5.06000000e-01  5.06000000e-01  5.06000000e-01  4.21231355e-02 
 5.07000000e-01  5.07000000e-01  5.07000000e-01  4.13971133e-02 
 5.08000000e-01  5.08000000e-01  5.08000000e-01  4.06902461e-02 
 5.09000000e-01  5.09000000e-01  5.09000000e-01  4.00016768e-02 
 5.10000000e-01  5.10000000e-01  5.10000000e-01  3.93306041e-02 
 5.11000000e-01  5.11000000e-01  5.11000000e-01  3.86762778e-02 
 5.12000000e-01  5.12000000e-01  5.12000000e-01  3.80379949e-02 
 5.13000000e-01  5.13000000e-01  5.13000000e-01  3.74150955e-02 
 5.14000000e-01  5.14000000e-01  5.14000000e-01  3.68069591e-02 
 5.15000000e-01  5.15000000e-01  5.15000000e-01  3.62130017e-02 
 5.16000000e-01  5.16000000e-01  5.16000000e-01  3.56326733e-02 
 5.17000000e-01  5.17000000e-01  5.17000000e-01  3.50654547e-02 
 5.18000000e-01  5.18000000e-01  5.18000000e-01  3.45108556e-02 
 5.19000000e-01  5.19000000e-01  5.19000000e-01  3.39684124e-02 
 5.20000000e-01  5.20000000e-01  5.20000000e-01  3.34376863e-02 
 5.21000000e-01  5.21000000e-01  5.21000000e-01  3.29182616e-02 
 5.22000000e-01  5.22000000e-01  5.22000000e-01  3.24097441e-02 
 5.23000000e-01  5.23000000e-01  5.23000000e-01  3.19117595e-02 
 5.24000000e-01  5.24000000e-01  5.24000000e-01  3.14239521e-02 
 5.25000000e-01  5.25000000e-01  5.25000000e-01  3.09459840e-02 
 5.26000000e-01  5.26000000e-01  5.26000000e-01  3.04775332e-02 
 5.27000000e-01  5.27000000e-01  5.27000000e-01  3.00182934e-02 
 5.28000000e-01  5.28000000e-01  5.28000000e-01  2.95679723e-02 
 5.29000000e-01  5.29000000e-01  5.29000000e-01  2.91262914e-02 
 5.30000000e-01  5.30000000e-01  5.30000000e-01  2.86929845e-02 
 5.31000000e-01  5.31000000e-01  5.31000000e-01  2.82677977e-02 
 5.32000000e-01  5.32000000e-01  5.32000000e-01  2.78504880e-02 
 5.33000000e-01  5.33000000e-01  5.33000000e-01  2.74408232e-02 
 5.34000000e-01  5.34000000e-01  5.34000000e-01  2.70385808e-02 
 5.35000000e-01  5.35000000e-01  5.35000000e-01  2.66435480e-02 
 5.36000000e-01  5.36000000e-01  5.36000000e-01  2.62555208e-02 
 5.37000000e-01  5.37000000e-01  5.37000000e-01  2.58743035e-02 
 5.38000000e-01  5.38000000e-01  5.38000000e-01  2.54997086e-02 
 5.39000000e-01  5.39000000e-01  5.39000000e-01  2.51315559e-02 
 5.40000000e-01  5.40000000e-01  5.40000000e-01  2.47696726e-02 
 5.41000000e-01  5.41000000e-01  5.41000000e-01  2.44138925e-02 
 5.42000000e-01  5.42000000e-01  5.42000000e-01  2.40640559e-02 
 5.43000000e-01  5.43000000e-01  5.43000000e-01  2.37200093e-02 
 5.44000000e-01  5.44000000e-01  5.44000000e-01  2.33816049e-02 
 5.45000000e-01  5.45000000e-01  5.45000000e-01  2.30487006e-02 
 5.46000000e-01  5.46000000e-01  5.46000000e-01  2.27211594e-02 
 5.47000000e-01  5.47000000e-01  5.47000000e-01  2.23988494e-02 
 5.48000000e-01  5.48000000e-01  5.48000000e-01  2.20816437e-02 
 5.49000000e-01  5.49000000e-01  5.49000000e-01  2.17694196e-02 
 5.50000000e-01  5.50000000e-01  5.50000000e-01  2.14620589e-02 
 5.51000000e-01  5.51000000e-01  5.51000000e-01  2.11594478e-02 
 5.52000000e-01  5.52000000e-01  5.52000000e-01  2.08614761e-02 
 5.53000000e-01  5.53000000e-01  5.53000000e-01  2.05680376e-02 
 5.54000000e-01  5.54000000e-01  5.54000000e-01  2.02790298e-02 
 5.55000000e-01  5.55000000e-01  5.55000000e-01  1.99943536e-02 
 5.56000000e-01  5.56000000e-01  5.56000000e-01  1.97139131e-02 
 5.57000000e-01  5.57000000e-01  5.57000000e-01  1.94376158e-02 
 5.58000000e-01  5.58000000e-01  5.58000000e-01  1.91653722e-02 
 5.59000000e-01  5.59000000e-01  5.59000000e-01  1.88970957e-02 
 5.60000000e-01  5.60000000e-01  5.60000000e-01  1.86327025e-02 
 5.61000000e-01  5.61000000e-01  5.61000000e-01  1.83721115e-02 
 5.62000000e-01  5.62000000e-01  5.62000000e-01  1.81152441e-02 
 5.63000000e-01  5.63000000e-01  5.63000000e-01  1.78620244e-02 
 5.64000000e-01  5.64000000e-01  5.64000000e-01  1.76123788e-02 
 5.65000000e-01  5.65000000e-01  5.65000000e-01  1.73662359e-02 
 5.66000000e-01  5.66000000e-01  5.66000000e-01  1.71235265e-02 
 5.67000000e-01  5.67000000e-01  5.67000000e-01  1.68841836e-02 
 5.68000000e-01  5.68000000e-01  5.68000000e-01  1.66481423e-02 
 5.69000000e-01  5.69000000e-01  5.69000000e-01  1.64153396e-02 
 5.70000000e-01  5.70000000e-01  5.70000000e-01  1.61857143e-02 
 5.71000000e-01  5.71000000e-01  5.71000000e-01  1.59592070e-02 
 5.72000000e-01  5.72000000e-01  5.72000000e-01  1.57357603e-02 
 5.73000000e-01  5.73000000e-01  5.73000000e-01  1.55153183e-02 
 5.74000000e-01  5.74000000e-01  5.74000000e-01  1.52978266e-02 
 5.75000000e-01  5.75000000e-01  5.75000000e-01  1.50832327e-02 
 5.76000000e-01  5.76000000e-01  5.76000000e-01  1.48714853e-02 
 5.77000000e-01  5.77000000e-01  5.77000000e-01  1.46625348e-02 
 5.78000000e-01  5.78000000e-01  5.78000000e-01  1.44563328e-02 
 5.79000000e-01  5.79000000e-01  5.79000000e-01  1.42528324e-02 
 5.80000000e-01  5.80000000e-01  5.80000000e-01  1.40519880e-02 
 5.81000000e-01  5.81000000e-01  5.81000000e-01  1.38537550e-02 
 5.82000000e-01  5.82000000e-01  5.82000000e-01  1.36580905e-02 
 5.83000000e-01  5.83000000e-01  5.83000000e-01  1.34649524e-02 
 5.84000000e-01  5.84000000e-01  5.84000000e-01  1.32742999e-02 
 5.85000000e-01  5.85000000e-01  5.85000000e-01  1.30860932e-02 
 5.86000000e-01  5.86000000e-01  5.86000000e-01  1.29002936e-02 
 5.87000000e-01  5.87000000e-01  5.87000000e-01  1.27168636e-02 
 5.88000000e-01  5.88000000e-01  5.88000000e-01  1.25357663e-02 
 5.89000000e-01  5.89000000e-01  5.89000000e-01  1.23569662e-02 
 5.90000000e-01  5.90000000e-01  5.90000000e-01  1.21804285e-02 
 5.91000000e-01  5.91000000e-01  5.91000000e-01  1.20061192e-02 
 5.92000000e-01  5.92000000e-01  5.92000000e-01  1.18340054e-02 
 5.93000000e-01  5.93000000e-01  5.93000000e-01  1.16640549e-02 
 5.94000000e-01  5.94000000e-01  5.94000000e-01  1.14962364e-02 
 5.95000000e-01  5.95000000e-01  5.95000000e-01  1.13305192e-02 
 5.96000000e-01  5.96000000e-01  5.96000000e-01  1.11668735e-02 
 5.97000000e-01  5.97000000e-01  5.97000000e-01  1.10052704e-02 
 5.98000000e-01  5.98000000e-01  5.98000000e-01  1.08456813e-02 
 5.99000000e-01  5.99000000e-01  5.99000000e-01  1.06880787e-02 
 6.00000000e-01  6.00000000e-01  6.00000000e-01  1.05324355e-02 
 6.01000000e-01  6.01000000e-01  6.01000000e-01  1.03787253e-02 
 6.02000000e-01  6.02000000e-01  6.02000000e-01  1.02269225e-02 
 6.03000000e-01  6.03000000e-01  6.03000000e-01  1.00770018e-02 
 6.04000000e-01  6.04000000e-01  6.04000000e-01  9.92893881e-03 
 6.05000000e-01  6.05000000e-01  6.05000000e-01  9.78270940e-03 
 6.06000000e-01  6.06000000e-01  6.06000000e-01  9.63829019e-03 
 6.07000000e-01  6.07000000e-01  6.07000000e-01  9.49565827e-03 
 6.08000000e-01  6.08000000e-01  6.08000000e-01  9.35479124e-03 
 6.09000000e-01  6.09000000e-01  6.09000000e-01  9.21566721e-03 
 6.10000000e-01  6.10000000e-01  6.10000000e-01  9.07826476e-03 
 6.11000000e-01  6.11000000e-01  6.11000000e-01  8.94256294e-03 
 6.12000000e-01  6.12000000e-01  6.12000000e-01  8.80854125e-03 
 6.13000000e-01  6.13000000e-01  6.13000000e-01  8.67617962e-03 
 6.14000000e-01  6.14000000e-01  6.14000000e-01  8.54545843e-03 
 6.15000000e-01  6.15000000e-01  6.15000000e-01  8.41635842e-03 
 6.16000000e-01  6.16000000e-01  6.16000000e-01  8.28886078e-03 
 6.17000000e-01  6.17000000e-01  6.17000000e-01  8.16294703e-03 
 6.18000000e-01  6.18000000e-01  6.18000000e-01  8.03859910e-03 
 6.19000000e-01  6.19000000e-01  6.19000000e-01  7.91579927e-03 
 6.20000000e-01  6.20000000e-01  6.20000000e-01  7.79453014e-03 
 6.21000000e-01  6.21000000e-01  6.21000000e-01  7.67477468e-03 
 6.22000000e-01  6.22000000e-01  6.22000000e-01  7.55651616e-03 
 6.23000000e-01  6.23000000e-01  6.23000000e-01  7.43973818e-03 
 6.24000000e-01  6.24000000e-01  6.24000000e-01  7.32442463e-03 
 6.25000000e-01  6.25000000e-01  6.25000000e-01  7.21055970e-03 
 6.26000000e-01  6.26000000e-01  6.26000000e-01  7.09812785e-03 
 6.27000000e-01  6.27000000e-01  6.27000000e-01  6.98711384e-03 
 6.28000000e-01  6.28000000e-01  6.28000000e-01  6.87750267e-03 
 6.29000000e-01  6.29000000e-01  6.29000000e-01  6.76927960e-03 
 6.30000000e-01  6.30000000e-01  6.30000000e-01  6.66243014e-03 
 6.31000000e-01  6.31000000e-01  6.31000000e-01  6.55694005e-03 
 6.32000000e-01  6.32000000e-01  6.32000000e-01  6.45279529e-03 
 6.33000000e-01  6.33000000e-01  6.33000000e-01  6.34998206e-03 
 6.34000000e-01  6.34000000e-01  6.34000000e-01  6.24848679e-03 
 6.35000000e-01  6.35000000e-01  6.35000000e-01  6.14829608e-03 
 6.36000000e-01  6.36000000e-01  6.36000000e-01  6.04939677e-03 
 6.37000000e-01  6.37000000e-01  6.37000000e-01  5.95177585e-03 
 6.38000000e-01  6.38000000e-01  6.38000000e-01  5.85542053e-03 
 6.39000000e-01  6.39000000e-01  6.39000000e-01  5.76031818e-03 
 6.40000000e-01  6.40000000e-01  6.40000000e-01  5.66645634e-03 
 6.41000000e-01  6.41000000e-01  6.41000000e-01  5.57382274e-03 
 6.42000000e-01  6.42000000e-01  6.42000000e-01  5.48240524e-03 
 6.43000000e-01  6.43000000e-01  6.43000000e-01  5.39219188e-03 
 6.44000000e-01  6.44000000e-01  6.44000000e-01  5.30317082e-03 
 6.45000000e-01  6.45000000e-01  6.45000000e-01  5.21533039e-03 
 6.46000000e-01  6.46000000e-01  6.46000000e-01  5.12865904e-03 
 6.47000000e-01  6.47000000e-01  6.47000000e-01  5.04314536e-03 
 6.48000000e-01  6.48000000e-01  6.48000000e-01  4.95877806e-03 
 6.49000000e-01  6.49000000e-01  6.49000000e-01  4.87554599e-03 
 6.50000000e-01  6.50000000e-01  6.50000000e-01  4.79343810e-03 
 6.51000000e-01  6.51000000e-01  6.51000000e-01  4.71244345e-03 
 6.52000000e-01  6.52000000e-01  6.52000000e-01  4.63255123e-03 
 6.53000000e-01  6.53000000e-01  6.53000000e-01  4.55375072e-03 
 6.54000000e-01  6.54000000e-01  6.54000000e-01  4.47603129e-03 
 6.55000000e-01  6.55000000e-01  6.55000000e-01  4.39938244e-03 
 6.56000000e-01  6.56000000e-01  6.56000000e-01  4.32379373e-03 
 6.57000000e-01  6.57000000e-01  6.57000000e-01  4.24925483e-03 
 6.58000000e-01  6.58000000e-01  6.58000000e-01  4.17575548e-03 
 6.59000000e-01  6.59000000e-01  6.59000000e-01  4.10328552e-03 
 6.60000000e-01  6.60000000e-01  6.60000000e-01  4.03183485e-03 
 6.61000000e-01  6.61000000e-01  6.61000000e-01  3.96139347e-03 
 6.62000000e-01  6.62000000e-01  6.62000000e-01  3.89195143e-03 
 6.63000000e-01  6.63000000e-01  6.63000000e-01  3.82349886e-03 
 6.64000000e-01  6.64000000e-01  6.64000000e-01  3.75602597e-03 
 6.65000000e-01  6.65000000e-01  6.65000000e-01  3.68952301e-03 
 6.66000000e-01  6.66000000e-01  6.66000000e-01  3.62398032e-03 
 6.67000000e-01  6.67000000e-01  6.67000000e-01  3.55938828e-03 
 6.68000000e-01  6.68000000e-01  6.68000000e-01  3.49573733e-03 
 6.69000000e-01  6.69000000e-01  6.69000000e-01  3.43301799e-03 
 6.70000000e-01  6.70000000e-01  6.70000000e-01  3.37122080e-03 
 6.71000000e-01  6.71000000e-01  6.71000000e-01  3.31033639e-03 
 6.72000000e-01  6.72000000e-01  6.72000000e-01  3.25035540e-03 
 6.73000000e-01  6.73000000e-01  6.73000000e-01  3.19126855e-03 
 6.74000000e-01  6.74000000e-01  6.74000000e-01  3.13306660e-03 
 6.75000000e-01  6.75000000e-01  6.75000000e-01  3.07574035e-03 
 6.76000000e-01  6.76000000e-01  6.76000000e-01  3.01928065e-03 
 6.77000000e-01  6.77000000e-01  6.77000000e-01  2.96367839e-03 
 6.78000000e-01  6.78000000e-01  6.78000000e-01  2.90892451e-03 
 6.79000000e-01  6.79000000e-01  6.79000000e-01  2.85500998e-03 
 6.80000000e-01  6.80000000e-01  6.80000000e-01  2.80192583e-03 
 6.81000000e-01  6.81000000e-01  6.81000000e-01  2.74966311e-03 
 6.82000000e-01  6.82000000e-01  6.82000000e-01  2.69821292e-03 
 6.83000000e-01  6.83000000e-01  6.83000000e-01  2.64756639e-03 
 6.84000000e-01  6.84000000e-01  6.84000000e-01  2.59771470e-03 
 6.85000000e-01  6.85000000e-01  6.85000000e-01  2.54864905e-03 
 6.86000000e-01  6.86000000e-01  6.86000000e-01  2.50036070e-03 
 6.87000000e-01  6.87000000e-01  6.87000000e-01  2.45284092e-03 
 6.88000000e-01  6.88000000e-01  6.88000000e-01  2.40608104e-03 
 6.89000000e-01  6.89000000e-01  6.89000000e-01  2.36007241e-03 
 6.90000000e-01  6.90000000e-01  6.90000000e-01  2.31480643e-03 
 6.91000000e-01  6.91000000e-01  6.91000000e-01  2.27027452e-03 
 6.92000000e-01  6.92000000e-01  6.92000000e-01  2.22646815e-03 
 6.93000000e-01  6.93000000e-01  6.93000000e-01  2.18337881e-03 
 6.94000000e-01  6.94000000e-01  6.94000000e-01  2.14099805e-03 
 6.95000000e-01  6.95000000e-01  6.95000000e-01  2.09931742e-03 
 6.96000000e-01  6.96000000e-01  6.96000000e-01  2.05832854e-03 
 6.97000000e-01  6.97000000e-01  6.97000000e-01  2.01802306e-03 
 6.98000000e-01  6.98000000e-01  6.98000000e-01  1.97839265e-03 
 6.99000000e-01  6.99000000e-01  6.99000000e-01  1.93942903e-03 
 7.00000000e-01  7.00000000e-01  7.00000000e-01  1.90112397e-03 
 7.01000000e-01  7.01000000e-01  7.01000000e-01  1.86346924e-03 
 7.02000000e-01  7.02000000e-01  7.02000000e-01  1.82645669e-03 
 7.03000000e-01  7.03000000e-01  7.03000000e-01  1.79007819e-03 
 7.04000000e-01  7.04000000e-01  7.04000000e-01  1.75432565e-03 
 7.05000000e-01  7.05000000e-01  7.05000000e-01  1.71919102e-03 
 7.06000000e-01  7.06000000e-01  7.06000000e-01  1.68466629e-03 
 7.07000000e-01  7.07000000e-01  7.07000000e-01  1.65074350e-03 
 7.08000000e-01  7.08000000e-01  7.08000000e-01  1.61741473e-03 
 7.09000000e-01  7.09000000e-01  7.09000000e-01  1.58467209e-03 
 7.10000000e-01  7.10000000e-01  7.10000000e-01  1.55250775e-03 
 7.11000000e-01  7.11000000e-01  7.11000000e-01  1.52091391e-03 
 7.12000000e-01  7.12000000e-01  7.12000000e-01  1.48988283e-03 
 7.13000000e-01  7.13000000e-01  7.13000000e-01  1.45940681e-03 
 7.14000000e-01  7.14000000e-01  7.14000000e-01  1.42947819e-03 
 7.15000000e-01  7.15000000e-01  7.15000000e-01  1.40008937e-03 
 7.16000000e-01  7.16000000e-01  7.16000000e-01  1.37123278e-03 
 7.17000000e-01  7.17000000e-01  7.17000000e-01  1.34290092e-03 
 7.18000000e-01  7.18000000e-01  7.18000000e-01  1.31508632e-03 
 7.19000000e-01  7.19000000e-01  7.19000000e-01  1.28778158e-03 
 7.20000000e-01  7.20000000e-01  7.20000000e-01  1.26097934e-03 
 7.21000000e-01  7.21000000e-01  7.21000000e-01  1.23467230e-03 
 7.22000000e-01  7.22000000e-01  7.22000000e-01  1.20885319e-03 
 7.23000000e-01  7.23000000e-01  7.23000000e-01  1.18351482e-03 
 7.24000000e-01  7.24000000e-01  7.24000000e-01  1.15865005e-03 
 7.25000000e-01  7.25000000e-01  7.25000000e-01  1.13425178e-03 
 7.26000000e-01  7.26000000e-01  7.26000000e-01  1.11031299e-03 
 7.27000000e-01  7.27000000e-01  7.27000000e-01  1.08682670e-03 
 7.28000000e-01  7.28000000e-01  7.28000000e-01  1.06378598e-03 
 7.29000000e-01  7.29000000e-01  7.29000000e-01  1.04118398e-03 
 7.30000000e-01  7.30000000e-01  7.30000000e-01  1.01901390e-03 
 7.31000000e-01  7.31000000e-01  7.31000000e-01  9.97268988e-04 
 7.32000000e-01  7.32000000e-01  7.32000000e-01  9.75942569e-04 
 7.33000000e-01  7.33000000e-01  7.33000000e-01  9.55028020e-04 
 7.34000000e-01  7.34000000e-01  7.34000000e-01  9.34518781e-04 
 7.35000000e-01  7.35000000e-01  7.35000000e-01  9.14408355e-04 
 7.36000000e-01  7.36000000e-01  7.36000000e-01  8.94690307e-04 
 7.37000000e-01  7.37000000e-01  7.37000000e-01  8.75358264e-04 
 7.38000000e-01  7.38000000e-01  7.38000000e-01  8.56405917e-04 
 7.39000000e-01  7.39000000e-01  7.39000000e-01  8.37827024e-04 
 7.40000000e-01  7.40000000e-01  7.40000000e-01  8.19615403e-04 
 7.41000000e-01  7.41000000e-01  7.41000000e-01  8.01764940e-04 
 7.42000000e-01  7.42000000e-01  7.42000000e-01  7.84269586e-04 
 7.43000000e-01  7.43000000e-01  7.43000000e-01  7.67123357e-04 
 7.44000000e-01  7.44000000e-01  7.44000000e-01  7.50320335e-04 
 7.45000000e-01  7.45000000e-01  7.45000000e-01  7.33854670e-04 
 7.46000000e-01  7.46000000e-01  7.46000000e-01  7.17720576e-04 
 7.47000000e-01  7.47000000e-01  7.47000000e-01  7.01912337e-04 
 7.48000000e-01  7.48000000e-01  7.48000000e-01  6.86424301e-04 
 7.49000000e-01  7.49000000e-01  7.49000000e-01  6.71250887e-04 
 7.50000000e-01  7.50000000e-01  7.50000000e-01  6.56386577e-04 
 7.51000000e-01  7.51000000e-01  7.51000000e-01  6.41825925e-04 
 7.52000000e-01  7.52000000e-01  7.52000000e-01  6.27563550e-04 
 7.53000000e-01  7.53000000e-01  7.53000000e-01  6.13594139e-04 
 7.54000000e-01  7.54000000e-01  7.54000000e-01  5.99912449e-04 
 7.55000000e-01  7.55000000e-01  7.55000000e-01  5.86513302e-04 
 7.56000000e-01  7.56000000e-01  7.56000000e-01  5.73391590e-04 
 7.57000000e-01  7.57000000e-01  7.57000000e-01  5.60542272e-04 
 7.58000000e-01  7.58000000e-01  7.58000000e-01  5.47960374e-04 
 7.59000000e-01  7.59000000e-01  7.59000000e-01  5.35640992e-04 
 7.60000000e-01  7.60000000e-01  7.60000000e-01  5.23579286e-04 
 7.61000000e-01  7.61000000e-01  7.61000000e-01  5.11770486e-04 
 7.62000000e-01  7.62000000e-01  7.62000000e-01  5.00209888e-04 
 7.63000000e-01  7.63000000e-01  7.63000000e-01  4.88892856e-04 
 7.64000000e-01  7.64000000e-01  7.64000000e-01  4.77814820e-04 
 7.65000000e-01  7.65000000e-01  7.65000000e-01  4.66971276e-04 
 7.66000000e-01  7.66000000e-01  7.66000000e-01  4.56357787e-04 
 7.67000000e-01  7.67000000e-01  7.67000000e-01  4.45969982e-04 
 7.68000000e-01  7.68000000e-01  7.68000000e-01  4.35803554e-04 
 7.69000000e-01  7.69000000e-01  7.69000000e-01  4.25854264e-04 
 7.70000000e-01  7.70000000e-01  7.70000000e-01  4.16117935e-04 
 7.71000000e-01  7.71000000e-01  7.71000000e-01  4.06590456e-04 
 7.72000000e-01  7.72000000e-01  7.72000000e-01  3.97267779e-04 
 7.73000000e-01  7.73000000e-01  7.73000000e-01  3.88145921e-04 
 7.74000000e-01  7.74000000e-01  7.74000000e-01  3.79220961e-04 
 7.75000000e-01  7.75000000e-01  7.75000000e-01  3.70489041e-04 
 7.76000000e-01  7.76000000e-01  7.76000000e-01  3.61946366e-04 
 7.77000000e-01  7.77000000e-01  7.77000000e-01  3.53589200e-04 
 7.78000000e-01  7.78000000e-01  7.78000000e-01  3.45413872e-04 
 7.79000000e-01  7.79000000e-01  7.79000000e-01  3.37416769e-04 
 7.80000000e-01  7.80000000e-01  7.80000000e-01  3.29594339e-04 
 7.81000000e-01  7.81000000e-01  7.81000000e-01  3.21943088e-04 
 7.82000000e-01  7.82000000e-01  7.82000000e-01  3.14459584e-04 
 7.83000000e-01  7.83000000e-01  7.83000000e-01  3.07140450e-04 
 7.84000000e-01  7.84000000e-01  7.84000000e-01  2.99982370e-04 
 7.85000000e-01  7.85000000e-01  7.85000000e-01  2.92982083e-04 
 7.86000000e-01  7.86000000e-01  7.86000000e-01  2.86136385e-04 
 7.87000000e-01  7.87000000e-01  7.87000000e-01  2.79442129e-04 
 7.88000000e-01  7.88000000e-01  7.88000000e-01  2.72896221e-04 
 7.89000000e-01  7.89000000e-01  7.89000000e-01  2.66495623e-04 
 7.90000000e-01  7.90000000e-01  7.90000000e-01  2.60237353e-04 
 7.91000000e-01  7.91000000e-01  7.91000000e-01  2.54118478e-04 
 7.92000000e-01  7.92000000e-01  7.92000000e-01  2.48136123e-04 
 7.93000000e-01  7.93000000e-01  7.93000000e-01  2.42287460e-04 
 7.94000000e-01  7.94000000e-01  7.94000000e-01  2.36569716e-04 
 7.95000000e-01  7.95000000e-01  7.95000000e-01  2.30980167e-04 
 7.96000000e-01  7.96000000e-01  7.96000000e-01  2.25516140e-04 
 7.97000000e-01  7.97000000e-01  7.97000000e-01  2.20175010e-04 
 7.98000000e-01  7.98000000e-01  7.98000000e-01  2.14954203e-04 
 7.99000000e-01  7.99000000e-01  7.99000000e-01  2.09851190e-04 
 8.00000000e-01  8.00000000e-01  8.00000000e-01  2.04863493e-04 
 8.01000000e-01  8.01000000e-01  8.01000000e-01  1.99988677e-04 
 8.02000000e-01  8.02000000e-01  8.02000000e-01  1.95224356e-04 
 8.03000000e-01  8.03000000e-01  8.03000000e-01  1.90568187e-04 
 8.04000000e-01  8.04000000e-01  8.04000000e-01  1.86017874e-04 
 8.05000000e-01  8.05000000e-01  8.05000000e-01  1.81571163e-04 
 8.06000000e-01  8.06000000e-01  8.06000000e-01  1.77225845e-04 
 8.07000000e-01  8.07000000e-01  8.07000000e-01  1.72979752e-04 
 8.08000000e-01  8.08000000e-01  8.08000000e-01  1.68830759e-04 
 8.09000000e-01  8.09000000e-01  8.09000000e-01  1.64776782e-04 
 8.10000000e-01  8.10000000e-01  8.10000000e-01  1.60815779e-04 
 8.11000000e-01  8.11000000e-01  8.11000000e-01  1.56945746e-04 
 8.12000000e-01  8.12000000e-01  8.12000000e-01  1.53164719e-04 
 8.13000000e-01  8.13000000e-01  8.13000000e-01  1.49470774e-04 
 8.14000000e-01  8.14000000e-01  8.14000000e-01  1.45862023e-04 
 8.15000000e-01  8.15000000e-01  8.15000000e-01  1.42336617e-04 
 8.16000000e-01  8.16000000e-01  8.16000000e-01  1.38892744e-04 
 8.17000000e-01  8.17000000e-01  8.17000000e-01  1.35528628e-04 
 8.18000000e-01  8.18000000e-01  8.18000000e-01  1.32242527e-04 
 8.19000000e-01  8.19000000e-01  8.19000000e-01  1.29032736e-04 
 8.20000000e-01  8.20000000e-01  8.20000000e-01  1.25897584e-04 
 8.21000000e-01  8.21000000e-01  8.21000000e-01  1.22835433e-04 
 8.22000000e-01  8.22000000e-01  8.22000000e-01  1.19844679e-04 
 8.23000000e-01  8.23000000e-01  8.23000000e-01  1.16923749e-04 
 8.24000000e-01  8.24000000e-01  8.24000000e-01  1.14071105e-04 
 8.25000000e-01  8.25000000e-01  8.25000000e-01  1.11285239e-04 
 8.26000000e-01  8.26000000e-01  8.26000000e-01  1.08564672e-04 
 8.27000000e-01  8.27000000e-01  8.27000000e-01  1.05907957e-04 
 8.28000000e-01  8.28000000e-01  8.28000000e-01  1.03313678e-04 
 8.29000000e-01  8.29000000e-01  8.29000000e-01  1.00780447e-04 
 8.30000000e-01  8.30000000e-01  8.30000000e-01  9.83069043e-05 
 8.31000000e-01  8.31000000e-01  8.31000000e-01  9.58917185e-05 
 8.32000000e-01  8.32000000e-01  8.32000000e-01  9.35335863e-05 
 8.33000000e-01  8.33000000e-01  8.33000000e-01  9.12312316e-05 
 8.34000000e-01  8.34000000e-01  8.34000000e-01  8.89834045e-05 
 8.35000000e-01  8.35000000e-01  8.35000000e-01  8.67888815e-05 
 8.36000000e-01  8.36000000e-01  8.36000000e-01  8.46464646e-05 
 8.37000000e-01  8.37000000e-01  8.37000000e-01  8.25549811e-05 
 8.38000000e-01  8.38000000e-01  8.38000000e-01  8.05132829e-05 
 8.39000000e-01  8.39000000e-01  8.39000000e-01  7.85202460e-05 
 8.40000000e-01  8.40000000e-01  8.40000000e-01  7.65747702e-05 
 8.41000000e-01  8.41000000e-01  8.41000000e-01  7.46757786e-05 
 8.42000000e-01  8.42000000e-01  8.42000000e-01  7.28222172e-05 
 8.43000000e-01  8.43000000e-01  8.43000000e-01  7.10130543e-05 
 8.44000000e-01  8.44000000e-01  8.44000000e-01  6.92472800e-05 
 8.45000000e-01  8.45000000e-01  8.45000000e-01  6.75239063e-05 
 8.46000000e-01  8.46000000e-01  8.46000000e-01  6.58419660e-05 
 8.47000000e-01  8.47000000e-01  8.47000000e-01  6.42005126e-05 
 8.48000000e-01  8.48000000e-01  8.48000000e-01  6.25986201e-05 
 8.49000000e-01  8.49000000e-01  8.49000000e-01  6.10353821e-05 
 8.50000000e-01  8.50000000e-01  8.50000000e-01  5.95099119e-05 
 8.51000000e-01  8.51000000e-01  8.51000000e-01  5.80213419e-05 
 8.52000000e-01  8.52000000e-01  8.52000000e-01  5.65688231e-05 
 8.53000000e-01  8.53000000e-01  8.53000000e-01  5.51515250e-05 
 8.54000000e-01  8.54000000e-01  8.54000000e-01  5.37686349e-05 
 8.55000000e-01  8.55000000e-01  8.55000000e-01  5.24193578e-05 
 8.56000000e-01  8.56000000e-01  8.56000000e-01  5.11029161e-05 
 8.57000000e-01  8.57000000e-01  8.57000000e-01  4.98185490e-05 
 8.58000000e-01  8.58000000e-01  8.58000000e-01  4.85655123e-05 
 8.59000000e-01  8.59000000e-01  8.59000000e-01  4.73430781e-05 
 8.60000000e-01  8.60000000e-01  8.60000000e-01  4.61505342e-05 
 8.61000000e-01  8.61000000e-01  8.61000000e-01  4.49871845e-05 
 8.62000000e-01  8.62000000e-01  8.62000000e-01  4.38523475e-05 
 8.63000000e-01  8.63000000e-01  8.63000000e-01  4.27453573e-05 
 8.64000000e-01  8.64000000e-01  8.64000000e-01  4.16655623e-05 
 8.65000000e-01  8.65000000e-01  8.65000000e-01  4.06123253e-05 
 8.66000000e-01  8.66000000e-01  8.66000000e-01  3.95850233e-05 
 8.67000000e-01  8.67000000e-01  8.67000000e-01  3.85830469e-05 
 8.68000000e-01  8.68000000e-01  8.68000000e-01  3.76058005e-05 
 8.69000000e-01  8.69000000e-01  8.69000000e-01  3.66527013e-05 
 8.70000000e-01  8.70000000e-01  8.70000000e-01  3.57231799e-05 
 8.71000000e-01  8.71000000e-01  8.71000000e-01  3.48166792e-05 
 8.72000000e-01  8.72000000e-01  8.72000000e-01  3.39326547e-05 
 8.73000000e-01  8.73000000e-01  8.73000000e-01  3.30705740e-05 
 8.74000000e-01  8.74000000e-01  8.74000000e-01  3.22299167e-05 
 8.75000000e-01  8.75000000e-01  8.75000000e-01  3.14101740e-05 
 8.76000000e-01  8.76000000e-01  8.76000000e-01  3.06108485e-05 
 8.77000000e-01  8.77000000e-01  8.77000000e-01  2.98314540e-05 
 8.78000000e-01  8.78000000e-01  8.78000000e-01  2.90715152e-05 
 8.79000000e-01  8.79000000e-01  8.79000000e-01  2.83305676e-05 
 8.80000000e-01  8.80000000e-01  8.80000000e-01  2.76081571e-05 
 8.81000000e-01  8.81000000e-01  8.81000000e-01  2.69038400e-05 
 8.82000000e-01  8.82000000e-01  8.82000000e-01  2.62171824e-05 
 8.83000000e-01  8.83000000e-01  8.83000000e-01  2.55477606e-05 
 8.84000000e-01  8.84000000e-01  8.84000000e-01  2.48951601e-05 
 8.85000000e-01  8.85000000e-01  8.85000000e-01  2.42589763e-05 
 8.86000000e-01  8.86000000e-01  8.86000000e-01  2.36388134e-05 
 8.87000000e-01  8.87000000e-01  8.87000000e-01  2.30342850e-05 
 8.88000000e-01  8.88000000e-01  8.88000000e-01  2.24450132e-05 
 8.89000000e-01  8.89000000e-01  8.89000000e-01  2.18706291e-05 
 8.90000000e-01  8.90000000e-01  8.90000000e-01  2.13107719e-05 
 8.91000000e-01  8.91000000e-01  8.91000000e-01  2.07650893e-05 
 8.92000000e-01  8.92000000e-01  8.92000000e-01  2.02332371e-05 
 8.93000000e-01  8.93000000e-01  8.93000000e-01  1.97148791e-05 
 8.94000000e-01  8.94000000e-01  8.94000000e-01  1.92096867e-05 
 8.95000000e-01  8.95000000e-01  8.95000000e-01  1.87173389e-05 
 8.96000000e-01  8.96000000e-01  8.96000000e-01  1.82375222e-05 
 8.97000000e-01  8.97000000e-01  8.97000000e-01  1.77699305e-05 
 8.98000000e-01  8.98000000e-01  8.98000000e-01  1.73142646e-05 
 8.99000000e-01  8.99000000e-01  8.99000000e-01  1.68702324e-05 
 9.00000000e-01  9.00000000e-01  9.00000000e-01  1.64375484e-05 
 9.01000000e-01  9.01000000e-01  9.01000000e-01  1.60159341e-05 
 9.02000000e-01  9.02000000e-01  9.02000000e-01  1.56051171e-05 
 9.03000000e-01  9.03000000e-01  9.03000000e-01  1.52048318e-05 
 9.04000000e-01  9.04000000e-01  9.04000000e-01  1.48148185e-05 
 9.05000000e-01  9.05000000e-01  9.05000000e-01  1.44348238e-05 
 9.06000000e-01  9.06000000e-01  9.06000000e-01  1.40646001e-05 
 9.07000000e-01  9.07000000e-01  9.07000000e-01  1.37039057e-05 
 9.08000000e-01  9.08000000e-01  9.08000000e-01  1.33525047e-05 
 9.09000000e-01  9.09000000e-01  9.09000000e-01  1.30101667e-05 
 9.10000000e-01  9.10000000e-01  9.10000000e-01  1.26766667e-05 
 9.11000000e-01  9.11000000e-01  9.11000000e-01  1.23517850e-05 
 9.12000000e-01  9.12000000e-01  9.12000000e-01  1.20353073e-05 
 9.13000000e-01  9.13000000e-01  9.13000000e-01  1.17270241e-05 
 9.14000000e-01  9.14000000e-01  9.14000000e-01  1.14267313e-05 
 9.15000000e-01  9.15000000e-01  9.15000000e-01  1.11342293e-05 
 9.16000000e-01  9.16000000e-01  9.16000000e-01  1.08493234e-05 
 9.17000000e-01  9.17000000e-01  9.17000000e-01  1.05718236e-05 
 9.18000000e-01  9.18000000e-01  9.18000000e-01  1.03015443e-05 
 9.19000000e-01  9.19000000e-01  9.19000000e-01  1.00383046e-05 
 9.20000000e-01  9.20000000e-01  9.20000000e-01  9.78192769e-06 
 9.21000000e-01  9.21000000e-01  9.21000000e-01  9.53224116e-06 
 9.22000000e-01  9.22000000e-01  9.22000000e-01  9.28907670e-06 
 9.23000000e-01  9.23000000e-01  9.23000000e-01  9.05227008e-06 
 9.24000000e-01  9.24000000e-01  9.24000000e-01  8.82166104e-06 
 9.25000000e-01  9.25000000e-01  9.25000000e-01  8.59709318e-06 
 9.26000000e-01  9.26000000e-01  9.26000000e-01  8.37841389e-06 
 9.27000000e-01  9.27000000e-01  9.27000000e-01  8.16547429e-06 
 9.28000000e-01  9.28000000e-01  9.28000000e-01  7.95812908e-06 
 9.29000000e-01  9.29000000e-01  9.29000000e-01  7.75623651e-06 
 9.30000000e-01  9.30000000e-01  9.30000000e-01  7.55965830e-06 
 9.31000000e-01  9.31000000e-01  9.31000000e-01  7.36825952e-06 
 9.32000000e-01  9.32000000e-01  9.32000000e-01  7.18190854e-06 
 9.33000000e-01  9.33000000e-01  9.33000000e-01  7.00047697e-06 
 9.34000000e-01  9.34000000e-01  9.34000000e-01  6.82383954e-06 
 9.35000000e-01  9.35000000e-01  9.35000000e-01  6.65187407e-06 
 9.36000000e-01  9.36000000e-01  9.36000000e-01  6.48446138e-06 
 9.37000000e-01  9.37000000e-01  9.37000000e-01  6.32148520e-06 
 9.38000000e-01  9.38000000e-01  9.38000000e-01  6.16283215e-06 
 9.39000000e-01  9.39000000e-01  9.39000000e-01  6.00839165e-06 
 9.40000000e-01  9.40000000e-01  9.40000000e-01  5.85805581e-06 
 9.41000000e-01  9.41000000e-01  9.41000000e-01  5.71171946e-06 
 9.42000000e-01  9.42000000e-01  9.42000000e-01  5.56928000e-06 
 9.43000000e-01  9.43000000e-01  9.43000000e-01  5.43063739e-06 
 9.44000000e-01  9.44000000e-01  9.44000000e-01  5.29569405e-06 
 9.45000000e-01  9.45000000e-01  9.45000000e-01  5.16435486e-06 
 9.46000000e-01  9.46000000e-01  9.46000000e-01  5.03652704e-06 
 9.47000000e-01  9.47000000e-01  9.47000000e-01  4.91212013e-06 
 9.48000000e-01  9.48000000e-01  9.48000000e-01  4.79104593e-06 
 9.49000000e-01  9.49000000e-01  9.49000000e-01  4.67321845e-06 
 9.50000000e-01  9.50000000e-01  9.50000000e-01  4.55855382e-06 
 9.51000000e-01  9.51000000e-01  9.51000000e-01  4.44697031e-06 
 9.52000000e-01  9.52000000e-01  9.52000000e-01  4.33838822e-06 
 9.53000000e-01  9.53000000e-01  9.53000000e-01  4.23272984e-06 
 9.54000000e-01  9.54000000e-01  9.54000000e-01  4.12991943e-06 
 9.55000000e-01  9.55000000e-01  9.55000000e-01  4.02988316e-06 
 9.56000000e-01  9.56000000e-01  9.56000000e-01  3.93254903e-06 
 9.57000000e-01  9.57000000e-01  9.57000000e-01  3.83784689e-06 
 9.58000000e-01  9.58000000e-01  9.58000000e-01  3.74570834e-06 
 9.59000000e-01  9.59000000e-01  9.59000000e-01  3.65606671e-06 
 9.60000000e-01  9.60000000e-01  9.60000000e-01  3.56885704e-06 
 9.61000000e-01  9.61000000e-01  9.61000000e-01  3.48401598e-06 
 9.62000000e-01  9.62000000e-01  9.62000000e-01  3.40148181e-06 
 9.63000000e-01  9.63000000e-01  9.63000000e-01  3.32119438e-06 
 9.64000000e-01  9.64000000e-01  9.64000000e-01  3.24309505e-06 
 9.65000000e-01  9.65000000e-01  9.65000000e-01  3.16712669e-06 
 9.66000000e-01  9.66000000e-01  9.66000000e-01  3.09323361e-06 
 9.67000000e-01  9.67000000e-01  9.67000000e-01  3.02136155e-06 
 9.68000000e-01  9.68000000e-01  9.68000000e-01  2.95145764e-06 
 9.69000000e-01  9.69000000e-01  9.69000000e-01  2.88347035e-06 
 9.70000000e-01  9.70000000e-01  9.70000000e-01  2.81734947e-06 
 9.71000000e-01  9.71000000e-01  9.71000000e-01  2.75304608e-06 
 9.72000000e-01  9.72000000e-01  9.72000000e-01  2.69051251e-06 
 9.73000000e-01  9.73000000e-01  9.73000000e-01  2.62970232e-06 
 9.74000000e-01  9.74000000e-01  9.74000000e-01  2.57057025e-06 
 9.75000000e-01  9.75000000e-01  9.75000000e-01  2.51307221e-06 
 9.76000000e-01  9.76000000e-01  9.76000000e-01  2.45716525e-06 
 9.77000000e-01  9.77000000e-01  9.77000000e-01  2.40280752e-06 
 9.78000000e-01  9.78000000e-01  9.78000000e-01  2.34995826e-06 
 9.79000000e-01  9.79000000e-01  9.79000000e-01  2.29857774e-06 
 9.80000000e-01  9.80000000e-01  9.80000000e-01  2.24862728e-06 
 9.81000000e-01  9.81000000e-01  9.81000000e-01  2.20006918e-06 
 9.82000000e-01  9.82000000e-01  9.82000000e-01  2.15286672e-06 
 9.83000000e-01  9.83000000e-01  9.83000000e-01  2.10698416e-06 
 9.84000000e-01  9.84000000e-01  9.84000000e-01  2.06238664e-06 
 9.85000000e-01  9.85000000e-01  9.85000000e-01  2.01904024e-06 
 9.86000000e-01  9.86000000e-01  9.86000000e-01  1.97691190e-06 
 9.87000000e-01  9.87000000e-01  9.87000000e-01  1.93596943e-06 
 9.88000000e-01  9.88000000e-01  9.88000000e-01  1.89618149e-06 
 9.89000000e-01  9.89000000e-01  9.89000000e-01  1.85751752e-06 
 9.90000000e-01  9.90000000e-01  9.90000000e-01  1.81994779e-06 
 9.91000000e-01  9.91000000e-01  9.91000000e-01  1.78344333e-06 
 9.92000000e-01  9.92000000e-01  9.92000000e-01  1.74797594e-06 
 9.93000000e-01  9.93000000e-01  9.93000000e-01  1.71351813e-06 
 9.94000000e-01  9.94000000e-01  9.94000000e-01  1.68004316e-06 
 9.95000000e-01  9.95000000e-01  9.95000000e-01  1.64752497e-06 
 9.96000000e-01  9.96000000e-01  9.96000000e-01  1.61593819e-06 
 9.97000000e-01  9.97000000e-01  9.97000000e-01  1.58525812e-06 
 9.98000000e-01  9.98000000e-01  9.98000000e-01  1.55546069e-06 
 9.99000000e-01  9.99000000e-01  9.99000000e-01  1.52652247e-06 
 1.00000000e+00  1.00000000e+00  1.00000000e+00  1.49842067e-06 
